#           k/h    P           
    0.10000E-03    0.43779E+03
    0.10202E-03    0.44632E+03
    0.10408E-03    0.45501E+03
    0.10618E-03    0.46388E+03
    0.10833E-03    0.47291E+03
    0.11052E-03    0.48213E+03
    0.11275E-03    0.49152E+03
    0.11503E-03    0.50109E+03
    0.11735E-03    0.51086E+03
    0.11972E-03    0.52081E+03
    0.12214E-03    0.53095E+03
    0.12461E-03    0.54129E+03
    0.12712E-03    0.55184E+03
    0.12969E-03    0.56258E+03
    0.13231E-03    0.57354E+03
    0.13499E-03    0.58471E+03
    0.13771E-03    0.59610E+03
    0.14049E-03    0.60771E+03
    0.14333E-03    0.61954E+03
    0.14623E-03    0.63161E+03
    0.14918E-03    0.64390E+03
    0.15220E-03    0.65644E+03
    0.15527E-03    0.66922E+03
    0.15841E-03    0.68225E+03
    0.16161E-03    0.69553E+03
    0.16487E-03    0.70907E+03
    0.16820E-03    0.72288E+03
    0.17160E-03    0.73695E+03
    0.17507E-03    0.75129E+03
    0.17860E-03    0.76591E+03
    0.18221E-03    0.78082E+03
    0.18589E-03    0.79601E+03
    0.18965E-03    0.81150E+03
    0.19348E-03    0.82729E+03
    0.19739E-03    0.84339E+03
    0.20138E-03    0.85979E+03
    0.20544E-03    0.87652E+03
    0.20959E-03    0.89357E+03
    0.21383E-03    0.91095E+03
    0.21815E-03    0.92866E+03
    0.22255E-03    0.94672E+03
    0.22705E-03    0.96513E+03
    0.23164E-03    0.98389E+03
    0.23632E-03    0.10030E+04
    0.24109E-03    0.10225E+04
    0.24596E-03    0.10424E+04
    0.25093E-03    0.10626E+04
    0.25600E-03    0.10833E+04
    0.26117E-03    0.11043E+04
    0.26645E-03    0.11258E+04
    0.27183E-03    0.11477E+04
    0.27732E-03    0.11699E+04
    0.28292E-03    0.11927E+04
    0.28864E-03    0.12158E+04
    0.29447E-03    0.12394E+04
    0.30042E-03    0.12635E+04
    0.30649E-03    0.12880E+04
    0.31268E-03    0.13130E+04
    0.31899E-03    0.13384E+04
    0.32544E-03    0.13644E+04
    0.33201E-03    0.13909E+04
    0.33872E-03    0.14178E+04
    0.34556E-03    0.14453E+04
    0.35254E-03    0.14733E+04
    0.35966E-03    0.15019E+04
    0.36693E-03    0.15309E+04
    0.37434E-03    0.15606E+04
    0.38190E-03    0.15908E+04
    0.38962E-03    0.16216E+04
    0.39749E-03    0.16530E+04
    0.40552E-03    0.16849E+04
    0.41371E-03    0.17175E+04
    0.42207E-03    0.17507E+04
    0.43060E-03    0.17846E+04
    0.43929E-03    0.18190E+04
    0.44817E-03    0.18542E+04
    0.45722E-03    0.18900E+04
    0.46646E-03    0.19264E+04
    0.47588E-03    0.19636E+04
    0.48550E-03    0.20015E+04
    0.49530E-03    0.20401E+04
    0.50531E-03    0.20794E+04
    0.51552E-03    0.21194E+04
    0.52593E-03    0.21602E+04
    0.53656E-03    0.22018E+04
    0.54739E-03    0.22442E+04
    0.55845E-03    0.22873E+04
    0.56973E-03    0.23313E+04
    0.58124E-03    0.23761E+04
    0.59299E-03    0.24217E+04
    0.60496E-03    0.24682E+04
    0.61719E-03    0.25155E+04
    0.62965E-03    0.25637E+04
    0.64237E-03    0.26128E+04
    0.65535E-03    0.26628E+04
    0.66859E-03    0.27138E+04
    0.68210E-03    0.27657E+04
    0.69588E-03    0.28185E+04
    0.70993E-03    0.28724E+04
    0.72427E-03    0.29272E+04
    0.73891E-03    0.29830E+04
    0.75383E-03    0.30398E+04
    0.76906E-03    0.30977E+04
    0.78460E-03    0.31567E+04
    0.80045E-03    0.32167E+04
    0.81662E-03    0.32778E+04
    0.83311E-03    0.33400E+04
    0.84994E-03    0.34033E+04
    0.86711E-03    0.34678E+04
    0.88463E-03    0.35335E+04
    0.90250E-03    0.36003E+04
    0.92073E-03    0.36683E+04
    0.93933E-03    0.37376E+04
    0.95831E-03    0.38081E+04
    0.97767E-03    0.38798E+04
    0.99742E-03    0.39528E+04
    0.10176E-02    0.40271E+04
    0.10381E-02    0.41028E+04
    0.10591E-02    0.41797E+04
    0.10805E-02    0.42580E+04
    0.11023E-02    0.43377E+04
    0.11246E-02    0.44188E+04
    0.11473E-02    0.45012E+04
    0.11705E-02    0.45851E+04
    0.11941E-02    0.46705E+04
    0.12182E-02    0.47573E+04
    0.12429E-02    0.48456E+04
    0.12680E-02    0.49354E+04
    0.12936E-02    0.50268E+04
    0.13197E-02    0.51197E+04
    0.13464E-02    0.52141E+04
    0.13736E-02    0.53102E+04
    0.14013E-02    0.54079E+04
    0.14296E-02    0.55071E+04
    0.14585E-02    0.56081E+04
    0.14880E-02    0.57107E+04
    0.15180E-02    0.58149E+04
    0.15487E-02    0.59209E+04
    0.15800E-02    0.60286E+04
    0.16119E-02    0.61381E+04
    0.16445E-02    0.62493E+04
    0.16777E-02    0.63622E+04
    0.17116E-02    0.64770E+04
    0.17462E-02    0.65936E+04
    0.17814E-02    0.67120E+04
    0.18174E-02    0.68323E+04
    0.18541E-02    0.69544E+04
    0.18916E-02    0.70784E+04
    0.19298E-02    0.72043E+04
    0.19688E-02    0.73321E+04
    0.20086E-02    0.74619E+04
    0.20491E-02    0.75935E+04
    0.20905E-02    0.77272E+04
    0.21328E-02    0.78627E+04
    0.21758E-02    0.80003E+04
    0.22198E-02    0.81399E+04
    0.22646E-02    0.82814E+04
    0.23104E-02    0.84250E+04
    0.23571E-02    0.85705E+04
    0.24047E-02    0.87181E+04
    0.24533E-02    0.88678E+04
    0.25028E-02    0.90194E+04
    0.25534E-02    0.91732E+04
    0.26050E-02    0.93289E+04
    0.26576E-02    0.94867E+04
    0.27113E-02    0.96466E+04
    0.27660E-02    0.98085E+04
    0.28219E-02    0.99725E+04
    0.28789E-02    0.10139E+05
    0.29371E-02    0.10307E+05
    0.29964E-02    0.10477E+05
    0.30569E-02    0.10649E+05
    0.31187E-02    0.10823E+05
    0.31817E-02    0.10999E+05
    0.32460E-02    0.11177E+05
    0.33115E-02    0.11358E+05
    0.33784E-02    0.11540E+05
    0.34467E-02    0.11724E+05
    0.35163E-02    0.11910E+05
    0.35874E-02    0.12098E+05
    0.36598E-02    0.12288E+05
    0.37338E-02    0.12480E+05
    0.38092E-02    0.12673E+05
    0.38861E-02    0.12869E+05
    0.39646E-02    0.13066E+05
    0.40447E-02    0.13265E+05
    0.41264E-02    0.13466E+05
    0.42098E-02    0.13668E+05
    0.42948E-02    0.13872E+05
    0.43816E-02    0.14078E+05
    0.44701E-02    0.14285E+05
    0.45604E-02    0.14494E+05
    0.46525E-02    0.14704E+05
    0.47465E-02    0.14916E+05
    0.48424E-02    0.15128E+05
    0.49402E-02    0.15343E+05
    0.50400E-02    0.15558E+05
    0.51419E-02    0.15774E+05
    0.52457E-02    0.15992E+05
    0.53517E-02    0.16210E+05
    0.54598E-02    0.16429E+05
    0.55701E-02    0.16650E+05
    0.56826E-02    0.16870E+05
    0.57974E-02    0.17092E+05
    0.59145E-02    0.17314E+05
    0.60340E-02    0.17536E+05
    0.61559E-02    0.17759E+05
    0.62803E-02    0.17982E+05
    0.64072E-02    0.18205E+05
    0.65366E-02    0.18428E+05
    0.66686E-02    0.18651E+05
    0.68033E-02    0.18874E+05
    0.69408E-02    0.19096E+05
    0.70810E-02    0.19318E+05
    0.72240E-02    0.19539E+05
    0.73700E-02    0.19760E+05
    0.75189E-02    0.19979E+05
    0.76708E-02    0.20197E+05
    0.78257E-02    0.20414E+05
    0.79838E-02    0.20630E+05
    0.81451E-02    0.20843E+05
    0.83096E-02    0.21055E+05
    0.84775E-02    0.21266E+05
    0.86488E-02    0.21473E+05
    0.88235E-02    0.21679E+05
    0.90017E-02    0.21882E+05
    0.91836E-02    0.22082E+05
    0.93691E-02    0.22280E+05
    0.95583E-02    0.22474E+05
    0.97514E-02    0.22664E+05
    0.99484E-02    0.22851E+05
    0.10149E-01    0.23035E+05
    0.10354E-01    0.23214E+05
    0.10564E-01    0.23389E+05
    0.10777E-01    0.23559E+05
    0.10995E-01    0.23724E+05
    0.11217E-01    0.23884E+05
    0.11443E-01    0.24039E+05
    0.11675E-01    0.24189E+05
    0.11910E-01    0.24332E+05
    0.12151E-01    0.24470E+05
    0.12397E-01    0.24601E+05
    0.12647E-01    0.24725E+05
    0.12902E-01    0.24842E+05
    0.13163E-01    0.24952E+05
    0.13429E-01    0.25055E+05
    0.13700E-01    0.25150E+05
    0.13977E-01    0.25236E+05
    0.14259E-01    0.25315E+05
    0.14547E-01    0.25384E+05
    0.14841E-01    0.25445E+05
    0.15141E-01    0.25497E+05
    0.15447E-01    0.25539E+05
    0.15759E-01    0.25571E+05
    0.16077E-01    0.25593E+05
    0.16402E-01    0.25605E+05
    0.16734E-01    0.25607E+05
    0.17072E-01    0.25598E+05
    0.17416E-01    0.25577E+05
    0.17768E-01    0.25546E+05
    0.18127E-01    0.25503E+05
    0.18493E-01    0.25449E+05
    0.18867E-01    0.25383E+05
    0.19248E-01    0.25305E+05
    0.19637E-01    0.25215E+05
    0.20034E-01    0.25113E+05
    0.20438E-01    0.24999E+05
    0.20851E-01    0.24873E+05
    0.21272E-01    0.24734E+05
    0.21702E-01    0.24584E+05
    0.22141E-01    0.24421E+05
    0.22588E-01    0.24245E+05
    0.23044E-01    0.24058E+05
    0.23510E-01    0.23859E+05
    0.23985E-01    0.23649E+05
    0.24469E-01    0.23427E+05
    0.24964E-01    0.23193E+05
    0.25468E-01    0.22949E+05
    0.25982E-01    0.22695E+05
    0.26507E-01    0.22430E+05
    0.27043E-01    0.22156E+05
    0.27589E-01    0.21872E+05
    0.28146E-01    0.21580E+05
    0.28715E-01    0.21280E+05
    0.29295E-01    0.20973E+05
    0.29887E-01    0.20659E+05
    0.30490E-01    0.20340E+05
    0.31106E-01    0.20015E+05
    0.31735E-01    0.19685E+05
    0.32376E-01    0.19353E+05
    0.33030E-01    0.19017E+05
    0.33697E-01    0.18680E+05
    0.34378E-01    0.18342E+05
    0.35072E-01    0.18005E+05
    0.35781E-01    0.17668E+05
    0.36504E-01    0.17334E+05
    0.37241E-01    0.17002E+05
    0.37993E-01    0.16670E+05
    0.38761E-01    0.16342E+05
    0.39544E-01    0.16020E+05
    0.40343E-01    0.15704E+05
    0.41158E-01    0.15396E+05
    0.41989E-01    0.15096E+05
    0.42838E-01    0.14805E+05
    0.43703E-01    0.14525E+05
    0.44586E-01    0.14254E+05
    0.45486E-01    0.13995E+05
    0.46405E-01    0.13746E+05
    0.47343E-01    0.13507E+05
    0.48299E-01    0.13279E+05
    0.49275E-01    0.13062E+05
    0.50270E-01    0.12853E+05
    0.51286E-01    0.12654E+05
    0.52322E-01    0.12464E+05
    0.53379E-01    0.12281E+05
    0.54457E-01    0.12105E+05
    0.55557E-01    0.11935E+05
    0.56680E-01    0.11771E+05
    0.57825E-01    0.11613E+05
    0.58993E-01    0.11457E+05
    0.60184E-01    0.11325E+05
    0.61400E-01    0.11175E+05
    0.62641E-01    0.11024E+05
    0.63906E-01    0.10870E+05
    0.65197E-01    0.10711E+05
    0.66514E-01    0.10547E+05
    0.67858E-01    0.10375E+05
    0.69229E-01    0.10195E+05
    0.70627E-01    0.10004E+05
    0.72054E-01    0.98030E+04
    0.73510E-01    0.95904E+04
    0.74994E-01    0.93663E+04
    0.76509E-01    0.91312E+04
    0.78055E-01    0.88858E+04
    0.79632E-01    0.86314E+04
    0.81241E-01    0.83695E+04
    0.82882E-01    0.81020E+04
    0.84556E-01    0.78311E+04
    0.86264E-01    0.75590E+04
    0.88007E-01    0.72883E+04
    0.89785E-01    0.70213E+04
    0.91598E-01    0.67607E+04
    0.93449E-01    0.65089E+04
    0.95337E-01    0.62683E+04
    0.97263E-01    0.60412E+04
    0.99227E-01    0.58295E+04
    0.10123E+00    0.56345E+04
    0.10328E+00    0.54573E+04
    0.10536E+00    0.52978E+04
    0.10749E+00    0.51557E+04
    0.10966E+00    0.50298E+04
    0.11188E+00    0.49183E+04
    0.11414E+00    0.48190E+04
    0.11644E+00    0.47293E+04
    0.11880E+00    0.46463E+04
    0.12120E+00    0.45668E+04
    0.12365E+00    0.44871E+04
    0.12614E+00    0.44037E+04
    0.12869E+00    0.43131E+04
    0.13129E+00    0.42124E+04
    0.13394E+00    0.40998E+04
    0.13665E+00    0.39748E+04
    0.13941E+00    0.38387E+04
    0.14223E+00    0.36938E+04
    0.14510E+00    0.35435E+04
    0.14803E+00    0.33913E+04
    0.15102E+00    0.32408E+04
    0.15407E+00    0.30952E+04
    0.15718E+00    0.29578E+04
    0.16036E+00    0.28315E+04
    0.16360E+00    0.27187E+04
    0.16690E+00    0.26209E+04
    0.17028E+00    0.25379E+04
    0.17371E+00    0.24681E+04
    0.17722E+00    0.24083E+04
    0.18080E+00    0.23548E+04
    0.18446E+00    0.23038E+04
    0.18818E+00    0.22518E+04
    0.19198E+00    0.21957E+04
    0.19586E+00    0.21331E+04
    0.19982E+00    0.20628E+04
    0.20386E+00    0.19852E+04
    0.20797E+00    0.19021E+04
    0.21218E+00    0.18167E+04
    0.21646E+00    0.17325E+04
    0.22083E+00    0.16528E+04
    0.22530E+00    0.15804E+04
    0.22985E+00    0.15170E+04
    0.23449E+00    0.14630E+04
    0.23923E+00    0.14172E+04
    0.24406E+00    0.13770E+04
    0.24899E+00    0.13394E+04
    0.25402E+00    0.13014E+04
    0.25915E+00    0.12607E+04
    0.26439E+00    0.12163E+04
    0.26973E+00    0.11683E+04
    0.27518E+00    0.11180E+04
    0.28074E+00    0.10678E+04
    0.28641E+00    0.10201E+04
    0.29219E+00    0.97684E+03
    0.29810E+00    0.93870E+03
    0.30412E+00    0.90515E+03
    0.31026E+00    0.87492E+03
    0.31653E+00    0.84628E+03
    0.32292E+00    0.81739E+03
    0.32945E+00    0.78704E+03
    0.33610E+00    0.75527E+03
    0.34289E+00    0.72303E+03
    0.34982E+00    0.69160E+03
    0.35689E+00    0.66225E+03
    0.36409E+00    0.63561E+03
    0.37145E+00    0.61145E+03
    0.37895E+00    0.58896E+03
    0.38661E+00    0.56714E+03
    0.39442E+00    0.54520E+03
    0.40239E+00    0.52297E+03
    0.41052E+00    0.50089E+03
    0.41881E+00    0.47960E+03
    0.42727E+00    0.45963E+03
    0.43590E+00    0.44115E+03
    0.44471E+00    0.42379E+03
    0.45369E+00    0.40702E+03
    0.46286E+00    0.39054E+03
    0.47221E+00    0.37426E+03
    0.48174E+00    0.35843E+03
    0.49148E+00    0.34335E+03
    0.50141E+00    0.32911E+03
    0.51153E+00    0.31562E+03
    0.52187E+00    0.30264E+03
    0.53241E+00    0.29002E+03
    0.54317E+00    0.27775E+03
    0.55414E+00    0.26595E+03
    0.56533E+00    0.25470E+03
    0.57675E+00    0.24399E+03
    0.58840E+00    0.23371E+03
    0.60029E+00    0.22379E+03
    0.61242E+00    0.21422E+03
    0.62479E+00    0.20504E+03
    0.63741E+00    0.19626E+03
    0.65029E+00    0.18786E+03
    0.66342E+00    0.17979E+03
    0.67683E+00    0.17203E+03
    0.69050E+00    0.16458E+03
    0.70445E+00    0.15745E+03
    0.71868E+00    0.15062E+03
    0.73320E+00    0.14407E+03
    0.74801E+00    0.13779E+03
    0.76312E+00    0.13176E+03
    0.77854E+00    0.12599E+03
    0.79426E+00    0.12047E+03
    0.81031E+00    0.11517E+03
    0.82668E+00    0.11009E+03
    0.84338E+00    0.10523E+03
    0.86041E+00    0.10057E+03
    0.87780E+00    0.96109E+02
    0.89553E+00    0.91838E+02
    0.91362E+00    0.87750E+02
    0.93208E+00    0.83836E+02
    0.95091E+00    0.80088E+02
    0.97011E+00    0.76502E+02
    0.98971E+00    0.73071E+02
    0.10097E+01    0.69787E+02
    0.10301E+01    0.66645E+02
    0.10509E+01    0.63639E+02
    0.10721E+01    0.60762E+02
    0.10938E+01    0.58011E+02
    0.11159E+01    0.55380E+02
    0.11384E+01    0.52864E+02
    0.11614E+01    0.50458E+02
    0.11849E+01    0.48158E+02
    0.12088E+01    0.45959E+02
    0.12333E+01    0.43857E+02
    0.12582E+01    0.41848E+02
    0.12836E+01    0.39928E+02
    0.13095E+01    0.38093E+02
    0.13360E+01    0.36340E+02
    0.13630E+01    0.34664E+02
    0.13905E+01    0.33063E+02
    0.14186E+01    0.31534E+02
    0.14472E+01    0.30074E+02
    0.14765E+01    0.28679E+02
    0.15063E+01    0.27346E+02
    0.15367E+01    0.26074E+02
    0.15678E+01    0.24859E+02
    0.15994E+01    0.23699E+02
    0.16318E+01    0.22592E+02
    0.16647E+01    0.21535E+02
    0.16984E+01    0.20526E+02
    0.17327E+01    0.19563E+02
    0.17677E+01    0.18643E+02
    0.18034E+01    0.17766E+02
    0.18398E+01    0.16929E+02
    0.18770E+01    0.16130E+02
    0.19149E+01    0.15368E+02
    0.19536E+01    0.14642E+02
    0.19930E+01    0.13948E+02
    0.20333E+01    0.13287E+02
    0.20744E+01    0.12656E+02
    0.21163E+01    0.12054E+02
    0.21590E+01    0.11480E+02
    0.22026E+01    0.10933E+02
    0.22471E+01    0.10412E+02
    0.22925E+01    0.99142E+01
    0.23388E+01    0.94400E+01
    0.23861E+01    0.89880E+01
    0.24343E+01    0.85571E+01
    0.24835E+01    0.81464E+01
    0.25336E+01    0.77549E+01
    0.25848E+01    0.73819E+01
    0.26370E+01    0.70264E+01
    0.26903E+01    0.66876E+01
    0.27447E+01    0.63649E+01
    0.28001E+01    0.60573E+01
    0.28567E+01    0.57643E+01
    0.29144E+01    0.54852E+01
    0.29733E+01    0.52193E+01
    0.30333E+01    0.49660E+01
    0.30946E+01    0.47248E+01
    0.31571E+01    0.44951E+01
    0.32209E+01    0.42763E+01
    0.32860E+01    0.40679E+01
    0.33523E+01    0.38695E+01
    0.34201E+01    0.36806E+01
    0.34892E+01    0.35007E+01
    0.35596E+01    0.33295E+01
    0.36316E+01    0.31665E+01
    0.37049E+01    0.30113E+01
    0.37798E+01    0.28636E+01
    0.38561E+01    0.27230E+01
    0.39340E+01    0.25891E+01
    0.40135E+01    0.24618E+01
    0.40946E+01    0.23406E+01
    0.41773E+01    0.22252E+01
    0.42617E+01    0.21154E+01
    0.43478E+01    0.20110E+01
    0.44356E+01    0.19116E+01
    0.45252E+01    0.18171E+01
    0.46166E+01    0.17271E+01
    0.47099E+01    0.16416E+01
    0.48050E+01    0.15602E+01
    0.49021E+01    0.14828E+01
    0.50011E+01    0.14091E+01
    0.51021E+01    0.13391E+01
    0.52052E+01    0.12724E+01
    0.53104E+01    0.12091E+01
    0.54176E+01    0.11488E+01
    0.55271E+01    0.10916E+01
    0.56387E+01    0.10371E+01
    0.57526E+01    0.98527E+00
    0.58689E+01    0.93602E+00
    0.59874E+01    0.88919E+00
    0.61084E+01    0.84468E+00
    0.62318E+01    0.80236E+00
    0.63577E+01    0.76212E+00
    0.64861E+01    0.72388E+00
    0.66171E+01    0.68753E+00
    0.67508E+01    0.65298E+00
    0.68872E+01    0.62015E+00
    0.70263E+01    0.58894E+00
    0.71682E+01    0.55928E+00
    0.73130E+01    0.53109E+00
    0.74608E+01    0.50430E+00
    0.76115E+01    0.47885E+00
    0.77653E+01    0.45467E+00
    0.79221E+01    0.43169E+00
    0.80822E+01    0.40986E+00
    0.82454E+01    0.38912E+00
    0.84120E+01    0.36941E+00
    0.85819E+01    0.35069E+00
    0.87553E+01    0.33291E+00
    0.89322E+01    0.31602E+00
    0.91126E+01    0.29997E+00
    0.92967E+01    0.28473E+00
    0.94845E+01    0.27025E+00
    0.96761E+01    0.25651E+00
    0.98716E+01    0.24345E+00
    0.10071E+02    0.23105E+00
    0.10274E+02    0.21927E+00
    0.10482E+02    0.20809E+00
    0.10694E+02    0.19747E+00
    0.10910E+02    0.18739E+00
    0.11130E+02    0.17781E+00
    0.11355E+02    0.16872E+00
    0.11584E+02    0.16009E+00
    0.11818E+02    0.15190E+00
    0.12057E+02    0.14412E+00
    0.12301E+02    0.13673E+00
    0.12549E+02    0.12972E+00
    0.12803E+02    0.12306E+00
    0.13061E+02    0.11675E+00
    0.13325E+02    0.11075E+00
    0.13594E+02    0.10506E+00
    0.13869E+02    0.99656E-01
    0.14149E+02    0.94529E-01
    0.14435E+02    0.89663E-01
    0.14727E+02    0.85045E-01
    0.15024E+02    0.80662E-01
    0.15328E+02    0.76503E-01
    0.15637E+02    0.72556E-01
    0.15953E+02    0.68811E-01
    0.16275E+02    0.65257E-01
    0.16604E+02    0.61885E-01
    0.16940E+02    0.58686E-01
    0.17282E+02    0.55650E-01
    0.17631E+02    0.52770E-01
    0.17987E+02    0.50038E-01
    0.18351E+02    0.47445E-01
    0.18721E+02    0.44986E-01
    0.19099E+02    0.42653E-01
    0.19485E+02    0.40440E-01
    0.19879E+02    0.38341E-01
    0.20280E+02    0.36350E-01
    0.20690E+02    0.34461E-01
    0.21108E+02    0.32669E-01
    0.21535E+02    0.30970E-01
    0.21970E+02    0.29358E-01
    0.22413E+02    0.27830E-01
    0.22866E+02    0.26380E-01
    0.23328E+02    0.25006E-01
    0.23799E+02    0.23702E-01
    0.24280E+02    0.22465E-01
    0.24771E+02    0.21293E-01
    0.25271E+02    0.20181E-01
    0.25782E+02    0.19127E-01
    0.26302E+02    0.18127E-01
    0.26834E+02    0.17180E-01
    0.27376E+02    0.16281E-01
    0.27929E+02    0.15429E-01
    0.28493E+02    0.14621E-01
    0.29069E+02    0.13855E-01
    0.29656E+02    0.13129E-01
    0.30255E+02    0.12441E-01
    0.30866E+02    0.11788E-01
    0.31490E+02    0.11170E-01
    0.32126E+02    0.10583E-01
    0.32775E+02    0.10027E-01
    0.33437E+02    0.95004E-02
    0.34112E+02    0.90009E-02
    0.34801E+02    0.85275E-02
    0.35504E+02    0.80788E-02
    0.36222E+02    0.76535E-02
    0.36953E+02    0.72505E-02
    0.37700E+02    0.68684E-02
    0.38462E+02    0.65064E-02
    0.39239E+02    0.61633E-02
    0.40031E+02    0.58381E-02
    0.40840E+02    0.55300E-02
    0.41665E+02    0.52379E-02
    0.42507E+02    0.49612E-02
    0.43365E+02    0.46990E-02
    0.44241E+02    0.44505E-02
    0.45135E+02    0.42151E-02
    0.46047E+02    0.39920E-02
    0.46977E+02    0.37806E-02
    0.47926E+02    0.35804E-02
    0.48894E+02    0.33906E-02
    0.49882E+02    0.32109E-02
    0.50890E+02    0.30405E-02
    0.51918E+02    0.28792E-02
    0.52966E+02    0.27263E-02
    0.54036E+02    0.25815E-02
    0.55128E+02    0.24443E-02
    0.56242E+02    0.23144E-02
    0.57378E+02    0.21913E-02
    0.58537E+02    0.20747E-02
    0.59720E+02    0.19642E-02
    0.60926E+02    0.18596E-02
    0.62157E+02    0.17605E-02
    0.63412E+02    0.16666E-02
    0.64693E+02    0.15777E-02
    0.66000E+02    0.14935E-02
    0.67334E+02    0.14137E-02
    0.68694E+02    0.13382E-02
    0.70082E+02    0.12667E-02
    0.71497E+02    0.11989E-02
    0.72942E+02    0.11348E-02
    0.74415E+02    0.10740E-02
    0.75918E+02    0.10165E-02
    0.77452E+02    0.96203E-03
    0.79017E+02    0.91045E-03
    0.80613E+02    0.86160E-03
    0.82241E+02    0.81535E-03
    0.83903E+02    0.77155E-03
    0.85598E+02    0.73009E-03
    0.87327E+02    0.69083E-03
    0.89091E+02    0.65366E-03
    0.90891E+02    0.61846E-03
    0.92727E+02    0.58514E-03
    0.94600E+02    0.55360E-03
    0.96511E+02    0.52374E-03
    0.98461E+02    0.49547E-03
    0.10045E+03    0.46871E-03
