#       k1      psm01f
#
9.9999997e-05 343.11127
0.00010115909 346.88638
0.00010233171 350.70322
0.00010351779 354.56171
0.0001047177 358.4628
0.0001059315 362.40674
0.00010715931 366.39386
0.00010840141 370.4249
0.00010965789 374.50034
0.000110929 378.6207
0.0001122148 382.7861
0.0001135155 386.99722
0.00011483121 391.25446
0.0001161623 395.55896
0.00011750871 399.91031
0.0001188708 404.30975
0.00012024859 408.75723
0.00012164241 413.25369
0.00012305241 417.79971
0.0001244787 422.39539
0.00012592159 427.04181
0.00012738111 431.73895
0.0001288576 436.48788
0.0001303512 441.289
0.00013186209 446.14258
0.0001333906 451.0499
0.00013493669 456.01074
0.00013650079 461.02615
0.00013808301 466.09668
0.00013968351 471.22263
0.0001413026 476.40497
0.00014294048 481.64432
0.00014459729 486.94092
0.00014627329 492.29565
0.00014796879 497.70938
0.00014968391 503.18237
0.00015141889 508.71545
0.00015317401 514.30927
0.00015494949 519.96442
0.00015674547 525.68152
0.00015856241 531.46167
0.00016040029 537.30481
0.0001622595 543.21216
0.00016414029 549.18439
0.00016604288 555.22211
0.0001679675 561.32587
0.00016991442 567.4967
0.0001718839 573.73492
0.00017387621 580.04169
0.00017589171 586.41779
0.00017793041 592.86334
0.0001799929 599.37994
0.00018207919 605.96777
0.0001841897 612.62769
0.0001863246 619.36041
0.00018848429 626.16693
0.0001906691 633.04834
0.00019287922 640.005
0.00019511482 647.03741
0.00019737642 654.14709
0.00019966422 661.33453
0.00020197862 668.60089
0.00020431967 675.94641
0.000206688 683.37256
0.0002090838 690.88013
0.00021150731 698.4696
0.00021395891 706.14203
0.00021643889 713.89832
0.00021894769 721.73962
0.00022148549 729.66638
0.00022405281 737.68011
0.0002266498 745.78113
0.00022927692 753.9707
0.00023193449 762.24994
0.0002346229 770.61969
0.00023734241 779.08057
0.00024009352 787.63416
0.00024287641 796.28094
0.0002456916 805.02197
0.00024853949 813.85889
0.00025142031 822.79199
0.00025433459 831.82275
0.00025728261 840.95203
0.00026026482 850.18066
0.00026328149 859.5097
0.00026633329 868.94092
0.00026942039 878.47491
0.00027254334 888.11285
0.0002757023 897.8551
0.00027889799 907.70398
0.00028213079 917.66028
0.00028540098 927.72461
0.00028870907 937.89856
0.0002920556 948.18359
0.00029544081 958.58026
0.00029886531 969.09015
0.00030232948 979.71411
0.00030583379 990.45355
0.00030937881 1001.3101
0.00031296481 1012.2841
0.0003165924 1023.3776
0.00032026213 1034.592
0.00032397432 1045.9275
0.00032772947 1057.3861
0.00033152822 1068.9691
0.00033537101 1080.678
0.00033925832 1092.5135
0.00034319068 1104.4774
0.00034716871 1116.571
0.00035119281 1128.796
0.00035526353 1141.1532
0.0003593814 1153.6436
0.00036354701 1166.2693
0.00036776089 1179.0319
0.0003720237 1191.9326
0.00037633581 1204.9725
0.00038069801 1218.1537
0.00038511067 1231.4766
0.00038957459 1244.9438
0.0003940902 1258.5565
0.0003986581 1272.3157
0.00040327903 1286.2234
0.00040795351 1300.2811
0.0004126821 1314.49
0.00041746549 1328.8519
0.00042230435 1343.3682
0.00042719935 1358.041
0.00043215114 1372.8719
0.0004371602 1387.8618
0.00044222738 1403.0127
0.00044735332 1418.3267
0.00045253863 1433.8047
0.00045778413 1449.4495
0.00046309028 1465.2609
0.00046845802 1481.2422
0.00047388801 1497.3948
0.0004793808 1513.72
0.00048493739 1530.2201
0.00049055845 1546.8967
0.00049624447 1563.7511
0.00050199649 1580.7855
0.00050781522 1598.0021
0.00051370141 1615.4022
0.00051965576 1632.9875
0.00052567909 1650.7601
0.00053177233 1668.7218
0.00053793623 1686.8746
0.00054417137 1705.2202
0.00055047905 1723.7612
0.00055685965 1742.4984
0.0005633143 1761.4343
0.00056984375 1780.5712
0.0005764488 1799.91
0.00058313052 1819.454
0.00058988965 1839.2045
0.00059672707 1859.1635
0.00060364394 1879.3339
0.0006106408 1899.7161
0.00061771885 1920.3137
0.0006248788 1941.1274
0.00063212181 1962.1603
0.00063944887 1983.4148
0.0006468608 2004.892
0.00065435865 2026.5941
0.00066194328 2048.5234
0.00066961604 2070.6833
0.00067737763 2093.0742
0.0006852292 2115.699
0.00069317175 2138.5603
0.00070120639 2161.6597
0.0007093341 2184.9993
0.00071755616 2208.5823
0.0007258734 2232.4097
0.00073428702 2256.4846
0.00074279821 2280.8088
0.00075140817 2305.3853
0.00076011784 2330.2158
0.00076892832 2355.3025
0.00077784108 2380.6479
0.00078685721 2406.2546
0.00079597771 2432.1245
0.00080520404 2458.261
0.00081453723 2484.665
0.00082397851 2511.3391
0.0008335294 2538.2869
0.00084319088 2565.5095
0.00085296441 2593.0103
0.00086285133 2620.7915
0.00087285269 2648.855
0.00088297005 2677.2034
0.00089320447 2705.8389
0.00090355769 2734.7651
0.00091403112 2763.9836
0.00092462561 2793.4963
0.00093534315 2823.3069
0.00094618485 2853.4177
0.00095715217 2883.8301
0.00096824655 2914.5474
0.00097946962 2945.572
0.00099082279 2976.9062
0.001002308 3008.554
0.0010139251 3040.5139
0.0010256779 3072.7932
0.0010375669 3105.3928
0.0010495929 3138.3123
0.0010617588 3171.5576
0.0010740659 3205.1316
0.0010865161 3239.0364
0.00109911 3273.2722
0.00111185 3307.8433
0.001124737 3342.7505
0.001137774 3377.9983
0.001150962 3413.5891
0.0011643029 3449.5256
0.001177799 3485.8098
0.001191451 3522.4438
0.001205261 3559.4292
0.0012192311 3596.7695
0.0012333631 3634.4675
0.0012476599 3672.5281
0.001262121 3710.9478
0.001276751 3749.7354
0.00129155 3788.8887
0.00130652 3828.4106
0.001321664 3868.3066
0.001336984 3908.5771
0.0013524807 3949.2239
0.0013681579 3990.2517
0.0013840159 4031.658
0.0014000579 4073.45
0.001416287 4115.6309
0.0014327029 4158.1973
0.00144931 4201.1567
0.001466109 4244.5088
0.001483103 4288.2563
0.001500293 4332.3999
0.0015176829 4376.9453
0.001535275 4421.8936
0.0015530708 4467.2456
0.0015710721 4513.002
0.001589283 4559.1685
0.0016077041 4605.7441
0.0016263402 4652.7358
0.001645191 4700.1382
0.0016642599 4747.9556
0.001683551 4796.1953
0.001703065 4844.8535
0.001722805 4893.9321
0.001742775 4943.438
0.001762975 4993.3647
0.0017834101 5043.7227
0.001804082 5094.5083
0.0018249929 5145.7231
0.001846147 5197.3711
0.0018675459 5249.4521
0.001889193 5301.9678
0.001911091 5354.9204
0.0019332422 5408.3096
0.001955651 5462.1387
0.0019783191 5516.4067
0.0020012499 5571.1157
0.0020244471 5626.2676
0.002047912 5681.8618
0.00207165 5737.9009
0.0020956621 5794.3833
0.002119953 5851.313
0.0021445258 5908.6899
0.0021693839 5966.5146
0.0021945289 6024.7866
0.0022199661 6083.5063
0.0022456981 6142.6763
0.0022717281 6202.2935
0.0022980599 6262.3618
0.0023246969 6322.877
0.0023516431 6383.8447
0.0023789008 6445.2593
0.0024064754 6507.125
0.0024343692 6569.439
0.0024625862 6632.2017
0.0024911298 6695.4116
0.002520005 6759.0703
0.002549215 6823.1768
0.0025787631 6887.7305
0.0026086541 6952.7285
0.0026388904 7018.1694
0.0026694781 7084.0566
0.002700421 7150.3882
0.0027317218 7217.1577
0.002763385 7284.3672
0.0027954162 7352.0176
0.0028278178 7420.0991
0.0028605957 7488.6196
0.0028937531 7557.5703
0.0029272949 7626.9546
0.0029612251 7696.7646
0.0029955492 7767.0015
0.003030271 7837.6616
0.0030653949 7908.7417
0.003100927 7980.2422
0.00313687 8052.1548
0.00317323 8124.481
0.0032100109 8197.2139
0.0032472182 8270.3516
0.0032848569 8343.8955
0.0033229331 8417.8359
0.0033614491 8492.168
0.0034004122 8566.8906
0.003439826 8641.999
0.0034796982 8717.4912
0.003520031 8793.3564
0.0035608329 8869.5967
0.0036021068 8946.2002
0.0036438589 9023.1699
0.0036860947 9100.4912
0.0037288207 9178.165
0.003772042 9256.1885
0.003815765 9334.5479
0.003859994 9413.2422
0.0039047352 9492.2617
0.0039499952 9571.6045
0.0039957804 9651.2598
0.004042096 9731.2227
0.0040889475 9811.4844
0.004136344 9892.041
0.0041842889 9972.8838
0.0042327889 10054.001
0.0042818519 10135.39
0.0043314835 10217.039
0.0043816902 10298.942
0.0044324794 10381.091
0.0044838563 10463.474
0.0045358296 10546.085
0.0045884037 10628.909
0.0046415892 10711.945
0.0046953904 10795.183
0.0047498145 10878.603
0.0048048706 10962.202
0.0048605641 11045.969
0.004916904 11129.897
0.0049738963 11213.967
0.0050315494 11298.174
0.0050898702 11382.503
0.0051488671 11466.94
0.0052085491 11551.482
0.0052689202 11636.107
0.0053299936 11720.812
0.0053917752 11805.577
0.0054542711 11890.392
0.0055174921 11975.243
0.005581446 12060.117
0.0056461412 12145
0.0057115867 12229.877
0.0057777902 12314.737
0.0058447612 12399.56
0.0059125083 12484.337
0.0059810411 12569.044
0.0060503683 12653.674
0.0061204983 12738.208
0.0061914418 12822.631
0.0062632067 12906.926
0.0063358056 12991.076
0.0064092437 13075.068
0.0064835339 13158.881
0.006558686 13242.495
0.0066347085 13325.895
0.0067116115 13409.066
0.0067894068 13491.984
0.006868104 13574.635
0.006947713 13656.998
0.0070282435 13739.05
0.0071097086 13820.777
0.007192119 13902.156
0.007275484 13983.166
0.0073598144 14063.785
0.007445123 14143.992
0.0075314203 14223.773
0.0076187183 14303.099
0.0077070268 14381.941
0.0077963602 14460.289
0.0078867292 14538.117
0.007978145 14615.393
0.0080706198 14692.104
0.0081641683 14768.22
0.0082587982 14843.72
0.0083545279 14918.571
0.0084513668 14992.761
0.008549327 15066.249
0.0086484235 15139.021
0.0087486673 15211.034
0.0088500744 15282.281
0.0089526558 15352.714
0.0090564266 15422.32
0.0091614025 15491.063
0.0092675928 15558.917
0.0093750143 15625.848
0.009483682 15691.835
0.0095936079 15756.829
0.0097048078 15820.815
0.0098172976 15883.753
0.0099310912 15945.618
0.0100462 16006.364
0.010162651 16065.967
0.010280451 16124.391
0.010399609 16181.6
0.010520149 16237.555
0.010642089 16292.221
0.010765451 16345.569
0.01089023 16397.551
0.011016461 16448.135
0.011144149 16497.283
0.01127333 16544.949
0.011403999 16591.105
0.01153618 16635.699
0.0116699 16678.699
0.011805171 16720.061
0.011942 16759.74
0.012080422 16797.693
0.012220451 16833.893
0.012362101 16868.279
0.01250539 16900.812
0.012650341 16931.453
0.012796971 16960.154
0.0129453 16986.869
0.013095349 17011.553
0.01324714 17034.172
0.013400688 17054.676
0.013556019 17073.02
0.013713151 17089.152
0.0138721 17103.045
0.014032889 17114.641
0.014195548 17123.916
0.014360089 17130.814
0.014526539 17135.307
0.014694918 17137.34
0.01486525 17136.887
0.01503755 17133.898
0.01521186 17128.348
0.01538818 17120.203
0.01556654 17109.43
0.015746979 17096.008
0.0159295 17079.895
0.01611414 17061.072
0.01630092 17039.518
0.016489871 17015.205
0.01668101 16988.137
0.01687436 16958.287
0.017069951 16925.664
0.01726781 16890.236
0.017467961 16852.008
0.017670441 16810.977
0.01787526 16767.17
0.018082451 16720.582
0.018292049 16671.248
0.018504068 16619.168
0.01871855 16564.371
0.01893552 16506.875
0.019155011 16446.711
0.01937703 16383.936
0.01960163 16318.578
0.019828841 16250.698
0.020058682 16180.339
0.020291181 16107.541
0.020526383 16032.366
0.020764301 15954.89
0.02100498 15875.173
0.021248449 15793.282
0.021494752 15709.279
0.021743888 15623.275
0.021995928 15535.312
0.022250893 15445.477
0.0225088 15353.849
0.022769701 15260.526
0.02303363 15165.574
0.02330061 15069.098
0.02357069 14971.171
0.023843896 14871.877
0.024120282 14771.315
0.024399862 14669.557
0.024682682 14566.689
0.024968781 14462.797
0.0252582 14357.956
0.025550969 14252.258
0.025847139 14145.784
0.026146732 14038.611
0.0264498 13930.797
0.026756382 13822.414
0.027066521 13713.54
0.02738025 13604.232
0.027697621 13494.57
0.028018668 13384.604
0.02834343 13274.404
0.028671956 13164.004
0.029004302 13053.451
0.0293405 12942.803
0.029680591 12832.114
0.030024622 12721.429
0.030372642 12610.782
0.030724693 12500.208
0.031080818 12389.735
0.031441078 12279.395
0.031805519 12169.216
0.032174181 12059.227
0.03254712 11949.47
0.032924369 11839.95
0.033305999 11730.688
0.033692058 11621.692
0.034082592 11512.996
0.03447764 11404.599
0.03487727 11296.532
0.035281539 11188.794
0.03569049 11081.411
0.036104191 10974.366
0.036522672 10867.686
0.03694601 10761.373
0.037374262 10655.435
0.037807468 10549.878
0.0382457 10444.708
0.038689006 10339.929
0.03913746 10235.544
0.0395911 10131.554
0.040050011 10027.97
0.040514231 9924.791
0.040983841 9822.0215
0.041458882 9719.6572
0.041939434 9617.7119
0.042425562 9516.1836
0.042917319 9415.0723
0.043414783 9314.3848
0.043918014 9214.1162
0.044427071 9114.2744
0.044942033 9014.8662
0.045462947 8915.8945
0.045989919 8817.3555
0.046522997 8719.2529
0.047062244 8621.6006
0.047607746 8524.3887
0.048159584 8427.627
0.048717804 8331.3193
0.049282499 8235.4727
0.049853731 8140.0923
0.050431591 8045.1709
0.051016144 7950.7246
0.05160749 7856.749
0.052205682 7763.2568
0.052810799 7670.2485
0.053422928 7577.7349
0.054042164 7485.7114
0.054668576 7394.1919
0.05530224 7303.1787
0.055943266 7212.6787
0.056591701 7122.6938
0.057247661 7033.2354
0.057911228 6944.3057
0.058582481 6855.9092
0.059261523 6768.0537
0.059948433 6680.7441
0.060643293 6593.9858
0.061346222 6507.7852
0.06205729 6422.1479
0.062776595 6337.0811
0.063504249 6252.5889
0.064240344 6168.6797
0.064984947 6085.355
0.065738201 6002.625
0.066500179 5920.4917
0.067270987 5838.96
0.068050742 5758.0381
0.06883952 5677.73
0.069637448 5598.041
0.070444621 5518.9741
0.071261145 5440.5366
0.072087146 5362.7319
0.072922714 5285.564
0.07376799 5209.0386
0.074623026 5133.1621
0.075487994 5057.9355
0.076362982 4983.3633
0.077248111 4909.4487
0.078143515 4836.1934
0.079049282 4763.6069
0.079965554 4691.6885
0.080892429 4620.4453
0.081830069 4549.8701
0.082778558 4479.9775
0.083738066 4410.7603
0.084708668 4342.2305
0.085690543 4274.3818
0.086683817 4207.2178
0.087688558 4140.7432
0.088704959 4074.9604
0.089733154 4009.8628
0.09077327 3945.4614
0.091825426 3881.752
0.092889786 3818.7351
0.093966477 3756.4131
0.095055655 3694.7844
0.096157461 3633.8518
0.097272031 3573.6133
0.098399512 3514.0679
0.09954007 3455.2173
0.1006939 3397.0569
0.101861 3339.5933
0.10304169 3282.8186
0.10423609 3226.7322
0.10544429 3171.3374
0.10666649 3116.6282
0.1079029 3062.6023
0.10915361 3009.2625
0.1104188 2956.6033
0.11169871 2904.6218
0.1129934 2853.3186
0.1143031 2802.6887
0.115628 2752.7305
0.11696829 2703.439
0.11832412 2654.8125
0.1196956 2606.8503
0.12108301 2559.5474
0.12248649 2512.8999
0.1239062 2466.9053
0.1253424 2421.5586
0.12679529 2376.8542
0.12826499 2332.7905
0.12975171 2289.364
0.13125569 2246.5703
0.13277708 2204.4036
0.13431609 2162.8606
0.13587299 2121.936
0.13744788 2081.6262
0.1390411 2041.9246
0.1406527 2002.8295
0.14228299 1964.3339
0.1439323 1926.4312
0.14560059 1889.1201
0.14728829 1852.3928
0.14899549 1816.2457
0.1507225 1780.6735
0.15246959 1745.6681
0.15423688 1711.2271
0.15602461 1677.3461
0.15783311 1644.0151
0.1596626 1611.2318
0.1615133 1578.9901
0.16338541 1547.2841
0.16527919 1516.1083
0.16719501 1485.4558
0.16913302 1455.3229
0.17109342 1425.7034
0.1730766 1396.5909
0.17508271 1367.9801
0.17711212 1339.8645
0.17916501 1312.2395
0.18124178 1285.0959
0.18334249 1258.4333
0.18546769 1232.2401
0.18761751 1206.514
0.1897922 1181.248
0.1919921 1156.4364
0.1942175 1132.0737
0.1964687 1108.1531
0.198746 1084.6696
0.2010496 1061.6179
0.20337999 1038.99
0.2057374 1016.7814
0.20812218 994.98608
0.2105345 973.5993
0.21297491 952.61328
0.21544349 932.02429
0.21794069 911.82593
0.22046693 892.01147
0.22302231 872.57678
0.22560742 853.51514
0.22822241 834.82159
0.23086782 816.4903
0.23354383 798.51575
0.2362508 780.89301
0.23898928 763.61517
0.24175939 746.67828
0.24456172 730.07599
0.24739642 713.80408
0.25026402 697.85669
0.25316483 682.22839
0.25609928 666.914
0.25906783 651.90839
0.26207069 637.20642
0.26510841 622.80334
0.26818126 608.69434
0.2712898 594.87384
0.2744343 581.33746
0.27761531 568.0799
0.28083318 555.09656
0.2840884 542.38232
0.28738129 529.93317
0.2907123 517.7442
0.29408199 505.81073
0.29749081 494.12787
0.30093899 482.69171
0.30442721 471.49777
0.30795592 460.54092
0.3115254 449.81781
0.31513628 439.32407
0.31878906 429.05481
0.3224842 419.00626
0.32622221 409.1741
0.3300035 399.55466
0.3338286 390.14389
0.33769801 380.93771
0.34161231 371.93243
0.34557202 363.12387
0.34957761 354.50854
0.35362959 346.08243
0.35772851 337.84216
0.361875 329.78397
0.3660695 321.90454
0.37031269 314.20004
0.374605 306.6673
0.37894711 299.30264
0.38333946 292.10284
0.38778278 285.06461
0.39227772 278.18466
0.3968246 271.46008
0.40142423 264.88757
0.40607721 258.46393
0.4107841 252.18604
0.41554552 246.05118
0.42036214 240.0563
0.42523462 234.19858
0.43016362 228.4751
0.43514976 222.88309
0.44019347 217.42001
0.4452959 212.0826
0.45045733 206.86884
0.45567864 201.77576
0.46096033 196.80113
0.46630344 191.94202
0.47170848 187.19627
0.4771761 182.56139
0.48270711 178.03493
0.48830217 173.61459
0.4939622 169.2981
0.49968776 165.08337
0.50547975 160.968
0.51133883 156.94994
0.51726568 153.02702
0.52326137 149.19705
0.52932656 145.45818
0.53546214 141.80824
0.54166877 138.24542
0.54794723 134.76784
0.55429858 131.37343
0.56072342 128.06039
0.56722289 124.82681
0.57379758 121.67113
0.58044869 118.59142
0.58717668 115.58616
0.59398276 112.65351
0.60086763 109.79188
0.60783231 106.99961
0.61487782 104.27513
0.62200487 101.61705
0.62921464 99.023727
0.63650793 96.493774
0.64388573 94.025719
0.65134913 91.618103
0.65889895 89.269493
0.66653627 86.978584
0.67426217 84.743988
0.68207777 82.564331
0.68998373 80.4384
0.69798142 78.36483
0.70607179 76.342354
0.71425593 74.369934
0.72253489 72.44651
0.73090994 70.571053
0.73938203 68.742577
0.74795234 66.960052
0.7566219 65.222504
0.76539189 63.528767
0.77426368 61.877396
0.78323829 60.267017
0.79231691 58.696262
0.80150068 57.163784
0.81079102 55.66819
0.82018888 54.208344
0.82969582 52.784107
0.83931291 51.39613
0.84904134 50.045055
0.8588829 48.73135
0.86883843 47.455608
0.87890899 46.218384
0.88909662 45.018959
0.89940214 43.852451
0.90982735 42.712772
0.92037314 41.594196
0.93104124 40.491009
0.9418332 39.397747
0.95275003 38.309189
0.96379346 37.222157
0.9749648 36.136871
0.98626578 35.053799
0.99769765 33.973488
1.009262 32.896454
1.0209609 31.823206
1.032795 30.754398
1.0447658 29.690584
1.0568759 28.632301
1.0691259 27.58024
1.081519 26.534887
1.0940549 25.497055
1.1067361 24.46735
1.1195639 23.446468
1.1325409 22.435036
1.1456689 21.433783
1.1589481 20.443546
1.1723821 19.464943
1.185971 18.498888
1.199718 17.546062
1.2136241 16.607346
1.2276909 15.683586
1.2419211 14.775593
1.2563171 13.884202
1.270879 13.010442
1.2856101 12.155152
1.3005109 11.319347
1.3155859 10.503874
1.330835 9.7098303
1.3462609 8.9382038
1.3618649 8.1900721
1.3776509 7.4664226
1.3936189 6.7684312
1.4097729 6.0971527
1.4261141 5.453764
1.442644 4.8394699
1.4593658 4.2554293
1.476281 3.7029006
1.4933931 3.183104
1.510703 2.6973653
1.5282141 2.2469752
1.545928 1.8333027
1.5638471 1.4577272
1.5819731 1.1216661
1.6003101 0.82653439
1.61886 0.57382232
1.637624 0.36505404
1.656606 0.20175764
1.6758081 0.085515417
1.6952322 0.017944448
1.714882 0.00069012411
1.7347589 0.035439782
1.754867 0.12392038
1.7752081 0.26789236
1.7957851 0.46915802
1.8166 0.72954798
1.8376558 1.0509411
1.8589569 1.4352869
1.880504 1.8845103
1.9023011 2.4006379
1.924351 2.9857156
1.946656 3.6418166
1.96922 4.3711085
1.9920461 5.1757779
2.015136 6.0580058
2.0384929 7.0200701
2.0621219 8.0643711
2.086024 9.1932001
2.110203 10.409
2.1346631 11.714292
2.1594059 13.111519
2.1844358 14.603315
2.2097561 16.192316
2.2353702 17.881199
2.2612801 19.672628
2.2874908 21.569496
2.3140049 23.574581
2.3408267 25.690876
2.36796 27.921347
2.395407 30.26893
2.4231732 32.736877
2.4512601 35.328144
2.4796734 38.046139
2.508415 40.893959
2.5374899 43.875042
2.5669031 46.992973
2.5966561 50.250954
2.626754 53.652676
2.6572008 57.201752
2.6880007 60.901905
2.7191582 64.756935
2.7506762 68.770584
2.7825592 72.946762
2.8148117 77.289513
2.8474391 81.80304
2.880444 86.491348
2.9138319 91.358727
2.9476061 96.40937
2.9817719 101.6478
3.0163341 107.07854
3.0512967 112.70608
3.0866652 118.53521
3.1224432 124.57053
3.1586349 130.81674
